Proteo,Loadings_p,Loadings_o,VIP
MT1126,-8838.55937473373,162.821016719371,2.13907632693786
MT1127,1072.45583338495,-41.4788108974671,0.340066604492482
MT1128,-232.657268097895,-18.1358103752954,0.0649943877258193
MT1129,-133.959462301953,-16.5214670949705,0.0355535518269837
MT113,1.20772124164647,-0.186670853662161,0.000195513222972939
MT1130,-386.114294493973,-11.1212141575155,0.0611271592814807
MT1131,105.548339864586,11.8082365863244,0.0281933428522747
MT1132,81.6122007887427,5.74410013834976,0.0232033706660314
MT1133,120.457395690295,-38.5690447308789,0.0132234262935448
MT1134,227.635096500663,-72.8289461330872,0.0533927023928034
MT1135,-181.128445945512,-124.591173727986,0.0340565601711107
MT1136,-33.5782609835277,9.02951655827573,0.00424147635830679
MT1137,28.2371621106079,1.042530436182,0.00324348192105813
MT1138,-137.801653837551,-33.4591692016789,0.0083582034119576
MT1139,-50.0184373485189,-15.5532905569264,0.0202093873542855
MT1140,-403.898966925796,65.9728480735528,0.0815860452450783
MT1141,-183.900302033344,38.8529749523137,0.0318110726873012
MT1142,505.816074486591,-122.775697149666,0.0940609757106865
MT1144,316.500290046829,-63.2316373925221,0.112648622104443
MT1145,119.740062611225,96.6011108724445,0.00785920619333328
MT1146,-11595.5698593551,746.670685168505,2.59977550903277
MT1147,82.5521555504579,21.450930309819,0.0219558776194706
MT1148,-899.039584042523,149.814871003318,0.125373051179363
MT1149,87.4375219624154,50.5815893267661,0.0286923400708991
MT1150,402.564455967432,-109.295124068486,0.0651191370304753
MT1152,85.1979349248895,29.3677461414348,0.010603690895767
MT1156,0.745306431657478,0.0696923875347537,0.000205836352682536
MT1158,-2.14296684890157,-0.0426573051148429,0.00056885682923174
MT1159,-7.59326179489285,-0.876926468219351,0.00165667076583278
MT1160,-1.96280260360342,-0.12383475742854,0.000487769781205286
MT1161,-2.73813804840733,-0.278018229541855,0.000742258362703694
MT1162,0.724833607818513,0.0436159701525174,0.000248251116265604
MT1163,0.917330409148559,-0.327610855841622,5.36422010021149e-05
MT1164,-0.963074254126532,-0.581765674808249,0.000200846380496295
MT1165,-0.404821358327315,0.0364256043555491,1.87123956984116e-05
MT1166,0.806973613345831,0.584416639797392,1.87123956984134e-05
MT1167,-2.10995180888729,-0.0267044908253635,0.000380485379201054
MT1168,0.0843215365211746,-0.17195368890052,2.86923400709e-05
MT1169,-2.06793896756875,0.459408386165055,0.000475294850739677
MT1170,-1.40325067252015,0.40042038900032,0.000315615740779891
MT1171,4.51672724999778,-0.400823616050041,0.00101795432599364
MT1172,-6.05239490271156,0.19135980691014,0.00153441644726982
MT1173,1.72351128399118,0.19424469154576,0.0005414119822074
MT1174,2.46607953170909,0.295598034815979,0.000925639840548135
MT1175,2.4359512596558,-0.865364966680347,0.000593806690162954
MT1177,0.920526609392085,0.000168908284610247,9.23144854455006e-05
MT1179,1.92833245588532,-1.91207943165118,9.35619784920619e-05
MT1180,0.0136116131196942,-0.00830321954246577,8.73245132592544e-06
MT1181,1.29361774817579,0.562655432623631,0.000228291227520631
MT1182,-2.80351660572284,0.759067143930545,0.000501492204717454
MT1233,-107.985086688771,8.36531123731081,0.0120066614957069
MT1291,-8.57238675516234,-2.15272637988025,0.0027295147858751
MT1303,1.13463068147894,0.335512166966334,0.00022579624142751
MT1305,29645.9104922928,9947.39005797833,8.24879827177417
MT1307,-74248.308412824,105860.548816202,3.68609245397797
MT1308,13325.0580301239,-2361.79973521568,2.41876426797679
MT1351,1.52357734454261,-0.120192956463548,0.000103541922864548
MT1368,-0.0164591610089538,0.221394253764436,2.49498609312164e-05
MT1369,0.650342416789946,-0.0148856308188664,0.000312497008163488
MT1370,0.317247552733568,-0.059739102562052,5.43906968300521e-05
MT1371,0.951292129959269,0.147570403119114,0.000391962315229412
MT1372,0.0443011173167432,0.0256435077351052,8.68255160406339e-05
MT1374,-18.4264782259056,-6.23409765802777,0.00247003623219044
MT1376,-37.1481835705649,-31.8563931861774,0.00486522288158724
MT1390,-0.786576739202697,-1.69476405222351,0.000396079042283064
MT1394,-0.16148939415897,-0.688444625607061,7.23545967005282e-05
MT1395,0.0107503076549347,0.31390365435063,6.51191370304751e-05
MT1396,0.482248949051434,0.160860932217191,4.36622566296285e-05
MT1485,3.05556842761049,2.43044520792962,0.000124749304656084
MT1575,0.449302738710969,0.233352990275487,0.000137224235121691
MT1577,-0.35036082240177,0.135383762671936,7.48495827936498e-05
MT1578,0.322449946144974,0.0639818943769022,8.7324513259258e-05
MT1579,0.756736658068349,0.0195566978016267,0.000118511839423279
MT1580,-0.414197664752935,3.01691581907873,0.000461572427227509
MT1642,-1.15990880478161,-1.43289863949104,0.000350545546083594
MT1643,-116.445437319132,-80.2162471892334,0.0349298053037033
MT1645,-0.553546042916584,-0.109456084690829,9.35619784920627e-05
MT1646,-2.11315821361806,-0.206964312344546,0.00031561574077989
MT1647,-2.3086208502469,4.03854196110705,0.000664913793816924
MT1648,-0.0250305536520025,0.0593660568668337,3.36823122571423e-05
MT1649,214.528545507094,103.1061225578,0.00686121175608463
MT1650,10.229373259902,15.1730510845216,0.00143461700354492
MT1651,-122.416263513754,-6.44506990215676,0.0189618943077247
MT1652,-61.2004583800363,426.099440145985,0.041853391712116
MT1653,2.35360993419226,15.5934830600921,0.00455334961994702
MT1654,30.1745662609737,26.9622468442254,0.0026197353977777
MT1675,3.2627449934158,-1.53749116859345,7.54077111826817e-05
MT1676,13.0489017040283,4.66236129523374,0.00188196801004167
MT1677,0.351573561300822,-0.269138366687452,0.00014943719204752
MT1678,0.849709184468736,-0.505736071604829,0.000179445512533238
MT1679,-0.723328948846402,-0.251711684054093,0.000213417243177183
MT1680,3.3101940189671,2.56286830303735,0.000620415716846098
MT1681,6.45344768271232,-0.0220458379983655,0.00118829326403629
MT1682,-6.26292159494992,0.451726853249053,0.00129237210790807
MT1683,1.36965379167294,-0.380995075348101,0.000402149717695542
MT1684,1.87019304680521,2.56812044183389,0.000842001669241466
MT1685,-1.14599998443087,0.294077707725203,0.00061284468154652
MT1686,-2.0605407050344,1.8262525233103,7.74668232053339e-05
MT1687,0.640403757105364,-0.70790159680373,0.000402348767686052
